647052995 
318473865 
651155619 
362951732 
923866756 
363306087 
297669949 
317337081 
898616824 
58543830 
405670085 
960438505 
378803823 
705719110 
312758676 
20853902 
995423543 
13233158 
759610146 
992595435 
13636268 
602932627 
123211680 
48125465 
331854017 
52347304 
762617717 
193820010 
516958363 
588404676 
581607198 
661884142 
560824707 
695694333 
603251998 
875556517 
714753599 
684459330 
479639452 
852065910 
41647010 
49919983 
762398907 
393279657 
501943773 
230737060 
239512119 
317161178 
271982866 
119804416 
122027594 
788303393 
890096185 
877515658 
458967299 
124789427 
788732387 
17450802 
23823942 
28531428 
16186512 
774683070 
670501554 
63513129 
371591639 
4252866 
655946300 
506515892 
528973369 
487883461 
412137441 
548518368 
504622467 
549328451 
365057236 
663958547 
879775689 
700753467 
867386383 
918925199 
641038593 
765849054 
913091318 
763184399 
181210486 
806075013 
677030991 
666918243 
282222209 
642111976 
911790777 
455048108 
571830465 
528549655 
547673320 
956461349 
12555534 
958573359 
252298613 
218979867 
407910464 
49083462 
160445450 
297674789 
18839882 
580558633 
131610925 
545023939 
442155890 
660896119 
784783258 
172095716 
483957607 
108193333 
961100539 
189910105 
143935449 
876997109 
910964383 
159990715 
745191398 
883564494 
450661176 
730466183 
909901603 
797004194 
167222605 
187273432 
968313613 
640669718 
952684677 
758886563 
793322406 
876477570 
267801738 
199096572 
273984342 
623837122 
559355641 
460032656 
592457668 
969280709 
721238293 
663738176 
476690136 
513489035 
593846792 
543850402 
662113109 
308733267 
174833946 
896214799 
865745975 
827719698 
267400828 
254977090 
624467283 
487652779 
321693284 
619558899 
979954833 
823318868 
608431027 
629880126 
318243424 
43508383 
519563276 
353952594 
766853932 
157812448 
362800868 
371456894 
18881526 
810136554 
622735778 
947206780 
449277880 
506520029 
413348195 
134743592 
991733978 
131713 
257143941 
820072052 
202210850 
375468142 
413817801 
425804558 
263332968 
13013958 
506473285 
256587886 
971406333 
437373714 
642186411 
104026111 
308699731 
155578179 
128128985 
237711438 
867837580 
425805694 
375476788 
602499278 
915761138 
342315012 
709243742 
602165370 
332331224 
899838240 
958117732 
215336694 
646961454 
600369319 
207387117 
557787123 
340312658 
835806833 
116131859 
585922124 
43157369 
536422788 
580853248 
336246746 
135733549 
485419365 
463632145 
148943479 
968965399 
34119059 
292573252 
871245538 
93199456 
764075078 
787301744 
88020702 
130257395 
568515645 
148600348 
644242336 
719300837 
252233159 
439160600 
483580268 
194064239 
841449748 
437458552 
837067737 
963652697 
694789884 
492336645 
285538844 
993923321 
303972912 
127195063 
990070236 
819631478 
661596528 
510418032 
751031973 
234894252 
800943832 
825622854 
911849038 
620683280 
235375376 
513532045 
349361957 
828215802 
557149457 
741273987 
734210702 
799131508 
348800213 
267246928 
881458304 
874676449 
82505786 
287007420 
442153632 
794836716 
152363497 
743287659 
349402631 
605021944 
465362861 
195383502 
109562495 
228899552 
573158319 
535337315 
833279822 
385271118 
959164367 
739638574 
65801953 
413979411 
63244873 
79384484 
783483723 
728091826 
238306645 
495269363 
761809139 
431364624 
424365893 
446238227 
449803080 
496252923 
965034433 
86270343 
858102939 
123395568 
738915440 
659819597 
366309790 
708623982 
778278438 
465275933 
856983039 
96274731 
480091141 
814219027 
73494864 
920669586 
409458904 
702840196 
595813035 
99332173 
765059580 
405372079 
594725313 
243736160 
226585026 
710252820 
388508327 
185532227 
724794456 
573878793 
296123408 
237680216 
927438831 
23111712 
457412222 
636640389 
312144425 
303737881 
404437213 
335303896 
893040205 
667373700 
809042917 
954543403 
400563684 
304941256 
227049678 
23648659 
183043387 
381096668 
935259800 
307491809 
987585837 
704018635 
22371334 
719657607 
738963649 
795378768 
805316790 
948292371 
984452259 
544528997 
496044461 
416697478 
699855867 
919167576 
656942422 
765473771 
282549426 
546948762 
274095168 
155965595 
861718466 
241019038 
326359289 
984837449 
298762927 
307661181 
117199050 
652832967 
333184781 
89324441 
540171224 
863418452 
460301481 
132708789 
178683756 
824072003 
128649012 
131512503 
801330131 
716221947 
147394589 
620575186 
812635204 
163372138 
868228339 
509126297 
667704526 
413046349 
398855498 
254428065 
773999761 
47353250 
97985851 
302870634 
728362381 
102790644 
568404039 
480749085 
405909282 
861958023 
813458935 
244370504 
595231044 
544976266 
921847735 
542022674 
639795645 
763467186 
176450142 
849027381 
382426581 
631296594 
13084555 
22802211 
250079199 
485850990 
643114727 
657738495 
919912329 
635013416 
715027357 
283051492 
837031874 
111766266 
286370216 
226882329 
891478558 
260718185 
955623604 
663400092 
321527081 
338534987 
450163454 
174756141 
829593157 
662443284 
35648813 
270817197 
477668239 
665989801 
914564033 
473898293 
94059873 
125952079 
595169605 
180023807 
999092281 
839088808 
431983604 
268899248 
905652166 
855000460 
549295220 
497196775 
593803 
897048939 
110606089 
939726372 
844235618 
932162165 
411017600 
726572386 
114364172 
488336168 
988139706 
220091633 
496847176 
29352498 
7280762 
396091766 
848804690 
193798762 
150537162 
345517188 
391278016 
906443756 
579371511 
612754371 
368841227 
165079682 
882973926 
747522500 
844174169 
915125220 
577751070 
924509417 
985362115 
435193418 
205509614 
767603722 
49970261 
352128992 
529364101 
501226850 
994073059 
522607884 
464986795 
255854194 
329407818 
583263597 
740024401 
493224103 
40349577 
62564520 
89582677 
914979575 
411432198 
762037424 
30624464 
62137161 
824409142 
907737569 
81696682 
994070989 
431329245 
14221782 
745701415 
737446572 
770557416 
673065148 
797236326 
410117977 
600158185 
568360354 
389833442 
867521178 
963736751 
216350099 
287713479 
476271477 
690331258 
455347044 
921135630 
181536 
154476008 
309174183 
902128363 
287131704 
555042693 
250768100 
518742987 
980634731 
757997008 
664164732 
670354889 
163039047 
80891792 
625911057 
568913682 
803973460 
459126491 
657487445 
494537346 
838060224 
530988175 
999022460 
950108445 
511078266 
157322897 
589473075 
247338337 
609068906 
211465415 
776093611 
249520726 
704080450 
482946010 
369674171 
188165512 
315488238 
854814749 
455098927 
424485303 
480860014 
609721001 
622101740 
983200173 
366616755 
271652024 
873813391 
122857174 
727846003 
490452554 
877333465 
305917951 
735612412 
615515149 
104033111 
633241064 
560056780 
89180791 
234705607 
890777620 
949476314 
357342547 
451175407 
326240210 
546097420 
832335934 
967906922 
596080319 
558607059 
32284709 
880602341 
712927581 
242169668 
421684050 
264416570 
28594367 
910024278 
129781475 
281111249 
434834539 
225667924 
163783253 
837884881 
191314506 
238906708 
649329574 
92493343 
481608196 
702895574 
53920572 
625472964 
499994979 
143149826 
34166677 
871063862 
415506629 
771426583 
411749451 
376670316 
977618665 
289572519 
828408371 
838251921 
43610832 
373177435 
899164625 
570362693 
844028884 
841598752 
664736730 
651065831 
28096804 
599512811 
505599350 
883137345 
293056711 
346578203 
201031233 
861279766 
86617522 
548309211 
364297700 
67066491 
977464495 
597694751 
765326588 
555080451 
868265659 
326718433 
303861219 
581397322 
48096408 
585464725 
318957506 
982623440 
158156580 
801405978 
121342981 
697287529 
642060671 
422931893 
538649369 
164772467 
201815870 
833454007 
927324504 
654987059 
260105225 
719995433 
265763643 
766266043 
963790955 
554344894 
634199452 
329721888 
602808147 
217285466 
60795533 
367612443 
990564012 
490510356 
747198824 
173545121 
818597832 
757344098 
628899365 
863212757 
519948249 
924168088 
379542131 
482423691 
848107118 
758561529 
292947065 
324795535 
578763537 
559884827 
45458306 
494347972 
925591240 
311170491 
472133640 
24198252 
353624513 
580112260 
900195697 
877999540 
320846397 
914644024 
502669594 
237824723 
714742683 
784436797 
112399726 
404310051 
922848410 
640253839 
9334998 
46222639 
956077485 
127759086 
340472026 
716673587 
812082888 
66384494 
139357597 
254737168 
875596193 
256513253 
627242893 
862284439 
2642169 
113999206 
720650599 
239538044 
245147576 
923084306 
872575340 
620164046 
522273341 
303213977 
366553207 
522320260 
379274350 
455840711 
824330215 
810857648 
727466744 
125506304 
92262153 
449914601 
164973595 
63517892 
736868726 
269917264 
288559246 
320360692 
954234939 
995604668 
101901111 
768890109 
644639365 
572559024 
35361376 
78007727 
341108875 
685194636 
448566122 
863291924 
518949058 
733286385 
152107505 
392883750 
134396377 
981278132 
15834826 
557011170 
747222004 
932194654 
937896826 
580178530 
566644782 
944391564 
577779833 
45374331 
440894618 
903889568 
706260942 
479593490 
374588590 
346928139 
982706066 
374227210 
236246901 
200635870 
289668650 
895777039 
470800933 
427227052 
268341681 
919784969 
744644851 
464925243 
600049224 
86015764 
486045892 
888799071 
331945352 
240034383 
699722838 
148714736 
57508225 
578744779 
797398560 
777517893 
670869852 
739672332 
670066189 
658957732 
805935857 
222837387 
834153886 
742474195 
636772147 
563254039 
27886615 
833711275 
837043699 
612066023 
688550751 
262571362 
755579944 
594707188 
728666359 
878346302 
930835597 
44216537 
816409211 
23454457 
499616623 
973123360 
319725214 
874954506 
388851062 
924983137 
508162665 
598896669 
939475955 
323838699 
106212537 
962501090 
911111090 
840450967 
102827439 
17205492 
761921881 
660729697 
827631472 
453773653 
510691107 
904420540 
295968693 
447123425 
215262566 
609977721 
461846359 
103289909 
34791466 
912213302 
8425278 
409356698 
373040120 
15016477 
983656712 
492808425 
198103974 
279980959 
944194474 
14347736 
237910309 
183821631 
306758643 
594363040 
999004376 
434022022 
123065219 
879264141 
10351123 
60022675 
535245264 
46931758 
461682286 
796415835 
525679790 
340935605 
246195623 
345389547 
837210798 
265702520 
635546075 
354638847 
203684612 
608543278 
104760737 
300310947 
873501724 
576022402 
462316009 
411110500 
251030318 
638352283 
441211221 
283534283 
927614835 
479300565 
349588053 
818471866 
74684954 
95118870 
852743280 
703158189 
704943022 
235108395 
207496031 
646264350 
2112494 
618879730 
542346057 
65208734 
884350935 
375907024 
901535498 
616171519 
758676090 
619369395 
390177358 
44252838 
800630283 
953843679 
765614499 
914238456 
386549500 
339301523 
815109047 
492072410 
748576178 
817961959 
722143198 
228630403 
722327298 
547376996 
700020392 
315867063 
436516840 
542846845 
529118182 
253195745 
12196646 
574004647 
847980268 
829497418 
625510052 
501317357 
765656906 
512169963 
401063169 
